1,1,0,128,6564
1,0,0,128,6546
1,1,0,128,6546
1,0,0,128,6510
1,1,0,128,6510
1,0,0,128,6474
1,1,0,128,6474
1,0,0,128,6438
1,1,0,128,6438
1,0,0,128,6402
1,1,0,128,6402
1,0,0,128,6366
1,1,0,128,6366
1,0,0,128,6330
1,1,0,128,6330
1,0,0,128,6294
1,1,0,128,6294
1,0,0,128,6258
1,1,0,128,6258
1,0,0,128,6222
1,1,0,128,6222
1,0,0,128,6186
1,1,0,128,6186
1,0,0,128,6150
1,1,0,128,6150
1,0,0,128,6114
1,1,0,128,6114
1,0,0,128,6078
1,1,0,128,6078
1,0,0,128,6042
1,1,0,128,6042
1,0,0,128,6006
1,1,0,128,6006
1,0,0,128,5970
1,1,0,128,5970
1,0,0,128,5934
1,1,0,128,5934
1,0,0,128,5898
1,1,0,128,5898
1,0,0,128,5862
1,1,0,128,5862
1,0,0,128,5826
1,1,0,128,5826
1,0,0,128,5790
1,1,0,128,5790
1,0,0,128,5754
1,1,0,128,5754
1,0,0,128,5718
1,1,0,128,5718
1,0,0,128,5682
1,1,0,128,5682
1,0,0,128,5646
1,1,0,128,5646
1,0,0,128,5610
1,1,0,128,5610
1,0,0,128,5574
1,1,0,128,5574
1,0,0,128,5538
1,1,0,128,5538
1,0,0,128,5502
1,1,0,128,5502
1,0,0,128,5466
1,1,0,128,5466
1,0,0,128,5430
1,1,0,128,5430
1,0,0,128,5394
1,1,0,128,5394
1,0,0,128,5358
1,1,0,128,5358
1,0,0,128,5322
1,1,0,128,5322
1,0,0,128,5286
1,1,0,128,5286
1,0,0,128,5250
1,1,0,128,5250
1,0,0,128,5214
1,1,0,128,5214
1,0,0,128,5178
1,1,0,128,5178
1,0,0,128,5142
1,1,0,128,5142
1,0,0,128,5106
1,1,0,128,5106
1,0,0,128,5070
1,1,0,128,5070
1,0,0,128,5034
1,1,0,128,5034
1,0,0,128,4998
1,1,0,128,4998
1,0,0,128,4962
1,1,0,128,4962
1,0,0,128,4926
1,1,0,128,4926
1,0,0,128,4890
1,1,0,128,4890
1,0,0,128,4854
1,1,0,128,4854
1,0,0,128,4818
1,1,0,128,4818
1,0,0,128,4782
1,1,0,128,4782
1,0,0,128,4746
1,1,0,128,4746
1,0,0,128,4710
1,1,0,128,4710
1,0,0,128,4674
1,1,0,128,4674
1,0,0,128,4638
1,1,0,128,4638
1,0,0,128,4602
1,1,0,128,4602
1,0,0,128,4566
1,1,0,128,4566
1,0,0,128,4530
1,1,0,128,4530
1,0,0,128,4494
1,1,0,128,4494
1,0,0,128,4458
1,1,0,128,4458
1,0,0,128,4422
1,1,0,128,4422
1,0,0,128,4386
1,1,0,128,4386
1,0,0,128,4350
1,1,0,128,4350
1,0,0,128,4314
1,1,0,128,4314
1,0,0,128,4278
1,1,0,128,4278
1,0,0,128,4242
1,1,0,128,4242
1,0,0,128,4206
1,1,0,128,4206
1,0,0,128,4170
1,1,0,128,4170
1,0,0,128,4134
1,1,0,128,4134
1,0,0,128,4098
1,1,0,128,4098
1,0,0,128,4062
1,1,0,128,4062
1,0,0,128,4026
1,1,0,128,4026
1,0,0,128,3990
1,1,0,128,3990
1,0,0,128,3954
1,1,0,128,3954
1,0,0,128,3918
1,1,0,128,3918
1,0,0,128,3882
1,1,0,128,3882
1,0,0,128,3846
1,1,0,128,3846
1,0,0,128,3810
1,1,0,128,3810
1,0,0,128,3774
1,1,0,128,3774
1,0,0,128,3738
1,1,0,128,3738
1,0,0,128,3702
1,1,0,128,3702
1,0,0,128,3666
1,1,0,128,3666
1,0,0,128,3630
1,1,0,128,3630
1,0,0,128,3594
1,1,0,128,3594
1,0,0,128,3558
1,1,0,128,3558
1,0,0,128,3522
1,1,0,128,3522
1,0,0,128,3486
1,1,0,128,3486
1,0,0,128,3450
1,1,0,128,3450
1,0,0,128,3414
1,1,0,128,3414
1,0,0,128,3378
1,1,0,128,3378
1,0,0,128,3342
1,1,0,128,3342
1,0,0,128,3306
1,1,0,128,3306
1,0,0,128,3270
1,1,0,128,3270
1,0,0,128,3234
1,1,0,128,3234
1,0,0,128,3198
1,1,0,128,3198
1,0,0,128,3162
1,1,0,128,3162
1,0,0,128,3126
1,1,0,128,3126
1,0,0,128,3090
1,1,0,128,3090
1,0,0,128,3054
1,1,0,128,3054
1,0,0,128,3018
1,1,0,128,3018
1,0,0,128,2982
1,1,0,128,2982
1,0,0,128,2946
1,1,0,128,2946
1,0,0,128,2910
1,1,0,128,2910
1,0,0,128,2874
1,1,0,128,2874
1,0,0,128,2838
1,1,0,128,2838
1,0,0,128,2802
1,1,0,128,2802
1,0,0,128,2766
1,1,0,128,2766
1,0,0,128,2730
1,1,0,128,2730
1,0,0,128,2694
1,1,0,128,2694
1,0,0,128,2658
1,1,0,128,2658
1,0,0,128,2622
1,1,0,128,2622
1,0,0,128,2586
1,1,0,128,2586
1,0,0,128,2550
1,1,0,128,2550
1,0,0,128,2514
1,1,0,128,2514
1,0,0,128,2478
1,1,0,128,2478
1,0,0,128,2442
1,1,0,128,2442
1,0,0,128,2406
1,1,0,128,2406
1,0,0,128,2370
1,1,0,128,2370
1,0,0,128,2334
1,1,0,128,2334
1,0,0,128,2298
1,1,0,128,2298
1,0,0,128,2262
1,1,0,128,2262
1,0,0,128,2226
1,1,0,128,2226
1,0,0,128,2190
1,1,0,128,2190
1,0,0,128,2154
1,1,0,128,2154
1,0,0,128,2118
1,1,0,128,2118
1,0,0,128,2082
1,1,0,128,2082
1,0,0,128,2046
1,1,0,128,2046
1,0,0,128,2010
1,1,0,128,2010
1,0,0,128,1974
1,1,0,128,1974
1,0,0,128,1938
1,1,0,128,1938
1,0,0,128,1902
1,1,0,128,1902
1,0,0,128,1866
1,1,0,128,1866
1,0,0,128,1830
1,1,0,128,1830
1,0,0,128,1794
1,1,0,128,1794
1,0,0,128,1758
1,1,0,128,1758
1,0,0,128,1722
1,1,0,128,1722
1,0,0,128,1686
1,1,0,128,1686
1,0,0,128,1650
1,1,0,128,1650
1,0,0,128,1614
1,1,0,128,1614
1,0,0,128,1578
1,1,0,128,1578
1,0,0,128,1542
1,1,0,128,1542
1,0,0,128,1506
1,1,0,128,1506
1,0,0,128,1470
1,1,0,128,1470
1,0,0,128,1434
1,1,0,128,1434
1,0,0,128,1398
1,1,0,128,1398
1,0,0,128,1362
1,1,0,128,1362
1,0,0,128,1326
1,1,0,128,1326
1,0,0,128,1290
1,1,0,128,1290
1,0,0,128,1254
1,1,0,128,1254
1,0,0,128,1218
1,1,0,128,1218
1,0,0,128,1182
1,1,0,128,1182
1,0,0,128,1146
1,1,0,128,1146
1,0,0,128,1110
1,1,0,128,1110
1,0,0,128,1074
1,1,0,128,1074
1,0,0,128,1038
1,1,0,128,1038
1,0,0,128,1002
1,1,0,128,1002
1,0,0,128,966
1,1,0,128,966
1,0,0,128,930
1,1,0,128,930
1,0,0,128,894
1,1,0,128,894
1,0,0,128,858
1,1,0,128,858
1,0,0,128,822
1,1,0,128,822
1,0,0,128,786
1,1,0,128,786
1,0,0,128,750
1,1,0,128,750
1,0,0,128,714
1,1,0,128,714
1,0,0,128,678
1,1,0,128,678
1,0,0,128,642
1,1,0,128,642
1,0,0,128,606
1,1,0,128,606
1,0,0,128,570
1,1,0,128,570
1,0,0,128,534
1,1,0,128,534
1,0,0,128,498
1,1,0,128,498
1,0,0,128,462
1,1,0,128,462
1,0,0,128,426
1,1,0,128,426
1,0,0,128,390
1,1,0,128,390
1,0,0,128,354
1,1,0,128,354
1,0,0,128,318
1,1,0,128,
1,0,0,,
1,1,,,
1,0,,,